1 0.999688562703173 0.350110820772954 0.989337136909678 0.986007149743633 0.999993355534204 0.999985123201392 0.259225552670607 0.990475013667573 0.999976083532524 0.99860833012554
0.999688562703173 1 0.368964020761597 0.99265027627718 0.989839269667458 0.99977288206557 0.999809800883334 0.278363876033579 0.993591692217751 0.999492105348631 0.999613191835507
0.350110820772954 0.368964020761597 1 0.461285768797124 0.477552814775331 0.35285894426203 0.354223646313222 0.993174602211513 0.45515438795178 0.344902727829662 0.39005916585561
0.989337136909678 0.99265027627718 0.461285768797124 1 0.999770058543724 0.989858778456978 0.99011290079562 0.372641353243323 0.999967431139652 0.988312145660458 0.995624774940063
0.986007149743633 0.989839269667458 0.477552814775331 0.999770058543724 1 0.986604227554342 0.986895838849086 0.389357320651567 0.999564464886265 0.984839404464065 0.993398222129825
0.999993355534204 0.99977288206557 0.35285894426203 0.989858778456978 0.986604227554342 1 0.999998363214666 0.262012948633822 0.990968085205791 0.999944228094902 0.99879382838885
0.999985123201392 0.999809800883334 0.354223646313222 0.99011290079562 0.986895838849086 0.999998363214666 1 0.263397441906349 0.991208011057745 0.999923483644516 0.998880979943363
0.259225552670607 0.278363876033579 0.993174602211512 0.372641353243323 0.389357320651567 0.262012948633822 0.263397441906349 1 0.366349397717273 0.25394515823878 0.299822261820466
0.990475013667573 0.993591692217751 0.45515438795178 0.999967431139652 0.999564464886265 0.990968085205791 0.991208011057745 0.366349397717273 1 0.989504100449637 0.996345200660466
0.999976083532524 0.999492105348631 0.344902727829662 0.988312145660458 0.984839404464065 0.999944228094902 0.999923483644516 0.25394515823878 0.989504100449637 1 0.998220038796355
0.99860833012554 0.999613191835507 0.39005916585561 0.995624774940063 0.993398222129825 0.99879382838885 0.998880979943363 0.299822261820466 0.996345200660465 0.998220038796355 1
