1 0.636690833968666 0.997489692829167 0.963464489052092 0.863905647141511 0.991559253938678 0.989299925430622 0.821723150856388 0.999440476607991 0.973038958109309 0.99514400768805
0.636690833968666 1 0.58746556636231 0.808658921582512 0.930935049398267 0.545672380106194 0.534009336675598 0.957417859119258 0.613595560498029 0.786442156571152 0.567943103507208
0.997489692829168 0.587465566362311 1 0.942535501978526 0.828347177440378 0.998243211594662 0.997132885060182 0.782445478672165 0.999299260967221 0.95457956999476 0.999614562697707
0.963464489052092 0.808658921582512 0.942535501978526 1 0.965725523208684 0.921770077318107 0.915503728045576 0.941504269701843 0.954136050689371 0.999245223717433 0.933167951135759
0.863905647141511 0.930935049398267 0.828347177440378 0.965725523208684 1 0.796372969189862 0.78717217196321 0.996631212593711 0.847516816885441 0.955044636672819 0.813607949301391
0.991559253938678 0.545672380106194 0.998243211594662 0.921770077318107 0.796372969189862 1 0.999864240714433 0.747721741768094 0.995331195220165 0.93575932404877 0.999502910662182
0.989299925430622 0.534009336675598 0.997132885060182 0.915503728045576 0.78717217196321 0.999864240714433 1 0.737817827613138 0.99361094500683 0.930011171396697 0.998848061223167
0.821723150856388 0.957417859119258 0.782445478672165 0.941504269701843 0.996631212593711 0.747721741768094 0.737817827613138 1 0.803522487495967 0.927966814870793 0.766376620213462
0.999440476607991 0.613595560498029 0.999299260967221 0.954136050689371 0.847516816885441 0.995331195220165 0.99361094500683 0.803522487495967 1 0.964893503402845 0.997876061694919
0.973038958109309 0.786442156571152 0.95457956999476 0.999245223717433 0.955044636672819 0.93575932404877 0.930011171396697 0.927966814870793 0.964893503402845 1 0.946137839531083
0.99514400768805 0.567943103507208 0.999614562697707 0.933167951135759 0.813607949301391 0.999502910662182 0.998848061223167 0.766376620213462 0.997876061694919 0.946137839531083 1
