1 0.999392232253796 0.999051119886634 0.987681169206783 0.927762656314424 0.965015906439382 0.891404321334749 0.785378258159237 0.97910552316942 0.926984340962355 0.99803646114624
0.999392232253796 1 0.999962122341665 0.981672828988779 0.91466243333487 0.955471505387921 0.875866347522991 0.765212375343471 0.971514259083235 0.913824010987272 0.999612886212836
0.999051119886634 0.999962122341665 1 0.979992745387794 0.911245213285486 0.952922121273921 0.871858243682556 0.760093678569222 0.96944428961297 0.910392179724618 0.999817156016645
0.987681169206783 0.981672828988778 0.979992745387794 1 0.974132071412242 0.994054729296208 0.949995075405673 0.868121225516971 0.998849149833736 0.973651569813989 0.976051490151173
0.927762656314424 0.91466243333487 0.911245213285486 0.974132071412242 1 0.992884911582355 0.995893757942633 0.956384361056827 0.98378699610484 0.999997721146326 0.903536755874009
0.965015906439382 0.955471505387921 0.952922121273921 0.994054729296208 0.992884911582355 1 0.978098624236572 0.915606363755982 0.99812926363724 0.992629016244219 0.947091230106992
0.891404321334749 0.875866347522991 0.871858243682556 0.949995075405673 0.995893757942633 0.978098624236572 1 0.978754232857109 0.963692882473012 0.996084541253959 0.862877144361367
0.785378258159237 0.765212375343471 0.760093678569222 0.868121225516971 0.956384361056827 0.915606363755982 0.978754232857109 1 0.89011053275745 0.956998624501389 0.748736333563765
0.97910552316942 0.971514259083235 0.96944428961297 0.998849149833735 0.983786996104839 0.99812926363724 0.963692882473012 0.89011053275745 1 0.983403917273093 0.964654476184087
0.926984340962355 0.913824010987272 0.910392179724618 0.973651569813989 0.999997721146326 0.992629016244219 0.996084541253959 0.956998624501389 0.983403917273093 1 0.90265219341894
0.99803646114624 0.999612886212836 0.999817156016644 0.976051490151173 0.903536755874009 0.947091230106993 0.862877144361367 0.748736333563765 0.964654476184087 0.90265219341894 1
