1 0.986666666666667 0.942857142857143 0.865671641791045 0.757575757575758 0.865671641791045 0.942857142857143 0.986666666666667 1
0.986666666666667 1 0.984126984126984 0.933333333333333 0.847457627118644 0.933333333333333 0.984126984126984 1 0.986666666666667
0.942857142857143 0.984126984126984 1 0.981818181818182 0.925925925925926 0.981818181818182 1 0.984126984126984 0.942857142857143
0.865671641791045 0.933333333333333 0.981818181818182 1 0.980392156862745 1 0.981818181818182 0.933333333333333 0.865671641791045
0.757575757575758 0.847457627118644 0.925925925925926 0.980392156862745 1 0.980392156862745 0.925925925925926 0.847457627118644 0.757575757575758
0.865671641791045 0.933333333333333 0.981818181818182 1 0.980392156862745 1 0.981818181818182 0.933333333333333 0.865671641791045
0.942857142857143 0.984126984126984 1 0.981818181818182 0.925925925925926 0.981818181818182 1 0.984126984126984 0.942857142857143
0.986666666666667 1 0.984126984126984 0.933333333333333 0.847457627118644 0.933333333333333 0.984126984126984 1 0.986666666666667
1 0.986666666666667 0.942857142857143 0.865671641791045 0.757575757575758 0.865671641791045 0.942857142857143 0.986666666666667 1
