1 0.578000383510809 0.69562070213536 0.578000383510809 0.033297529538131 -0.24174207575679 0 -0.24174207575679 0.033297529538131 0.578000383510809 0.69562070213536 0.578000383510809 0.033297529538131 -0.24174207575679 0 -0.24174207575679 0.033297529538131 0.578000383510809 0.69562070213536 0.578000383510809 0.033297529538131 -0.24174207575679 0 -0.24174207575679 0.0322975295436292 0.578000383510809 0.69562070213536 0.578489055948848 0.0342975252403463 -0.24174207575679 0
0.578000383510809 1 0.985482655333592 1 0.773501041530254 0.111200619620535 0 0.111200619620535 0.773501041530254 1 0.985482655333592 1 0.773501041530254 0.111200619620535 0 0.111200619620535 0.773501041530254 1 0.985482655333592 1 0.773501041530254 0.111200619620535 0 0.111200619620535 0.772705606199227 1 0.985482655333592 0.999999771426275 0.774294943424031 0.111200619620535 0
0.69562070213536 0.985482655333592 1 0.985482655333592 0.666666666666667 0.0556458870987867 0 0.0556458870987867 0.666666666666667 0.985482655333592 1 0.985482655333592 0.666666666666667 0.0556458870987867 0 0.0556458870987867 0.666666666666667 0.985482655333592 1 0.985482655333592 0.666666666666667 0.0556458870987867 0 0.0556458870987867 0.665777185679934 0.985482655333592 1 0.985596791238611 0.667554962470057 0.0556458870987867 0
0.578000383510809 1 0.985482655333592 1 0.773501041530254 0.111200619620535 0 0.111200619620535 0.773501041530254 1 0.985482655333592 1 0.773501041530254 0.111200619620535 0 0.111200619620535 0.773501041530254 1 0.985482655333592 1 0.773501041530254 0.111200619620535 0 0.111200619620535 0.772705606199227 1 0.985482655333592 0.999999771426275 0.774294943424031 0.111200619620535 0
0.033297529538131 0.773501041530254 0.666666666666667 0.773501041530254 1 0.369553344962282 0 0.369553344962282 1 0.773501041530254 0.666666666666667 0.773501041530254 1 0.369553344962282 0 0.369553344962282 1 0.773501041530254 0.666666666666667 0.773501041530254 1 0.369553344962282 0 0.369553344962282 0.999998999000001 0.773501041530254 0.666666666666667 0.773108148233982 0.999999000999999 0.369553344962282 0
-0.24174207575679 0.111200619620535 0.0556458870987867 0.111200619620535 0.369553344962282 1 0 1 0.369553344962282 0.111200619620535 0.0556458870987867 0.111200619620535 0.369553344962282 1 0 1 0.369553344962282 0.111200619620535 0.0556458870987867 0.111200619620535 0.369553344962282 1 0 1 0.370144644762737 0.111200619620535 0.0556458870987867 0.110979140789503 0.368963018812204 1 0
0 0 0 0 0 0 0 0 0 0 0 0 0 0 0 0 0 0 0 0 0 0 0 0 0 0 0 0 0 0 0
-0.24174207575679 0.111200619620535 0.0556458870987867 0.111200619620535 0.369553344962282 1 0 1 0.369553344962282 0.111200619620535 0.0556458870987867 0.111200619620535 0.369553344962282 1 0 1 0.369553344962282 0.111200619620535 0.0556458870987867 0.111200619620535 0.369553344962282 1 0 1 0.370144644762737 0.111200619620535 0.0556458870987867 0.110979140789503 0.368963018812204 1 0
0.033297529538131 0.773501041530254 0.666666666666667 0.773501041530254 1 0.369553344962282 0 0.369553344962282 1 0.773501041530254 0.666666666666667 0.773501041530254 1 0.369553344962282 0 0.369553344962282 1 0.773501041530254 0.666666666666667 0.773501041530254 1 0.369553344962282 0 0.369553344962282 0.999998999000001 0.773501041530254 0.666666666666667 0.773108148233982 0.999999000999999 0.369553344962282 0
0.578000383510809 1 0.985482655333592 1 0.773501041530254 0.111200619620535 0 0.111200619620535 0.773501041530254 1 0.985482655333592 1 0.773501041530254 0.111200619620535 0 0.111200619620535 0.773501041530254 1 0.985482655333592 1 0.773501041530254 0.111200619620535 0 0.111200619620535 0.772705606199227 1 0.985482655333592 0.999999771426275 0.774294943424031 0.111200619620535 0
0.69562070213536 0.985482655333592 1 0.985482655333592 0.666666666666667 0.0556458870987867 0 0.0556458870987867 0.666666666666667 0.985482655333592 1 0.985482655333592 0.666666666666667 0.0556458870987867 0 0.0556458870987867 0.666666666666667 0.985482655333592 1 0.985482655333592 0.666666666666667 0.0556458870987867 0 0.0556458870987867 0.665777185679934 0.985482655333592 1 0.985596791238611 0.667554962470057 0.0556458870987867 0
0.578000383510809 1 0.985482655333592 1 0.773501041530254 0.111200619620535 0 0.111200619620535 0.773501041530254 1 0.985482655333592 1 0.773501041530254 0.111200619620535 0 0.111200619620535 0.773501041530254 1 0.985482655333592 1 0.773501041530254 0.111200619620535 0 0.111200619620535 0.772705606199227 1 0.985482655333592 0.999999771426275 0.774294943424031 0.111200619620535 0
0.033297529538131 0.773501041530254 0.666666666666667 0.773501041530254 1 0.369553344962282 0 0.369553344962282 1 0.773501041530254 0.666666666666667 0.773501041530254 1 0.369553344962282 0 0.369553344962282 1 0.773501041530254 0.666666666666667 0.773501041530254 1 0.369553344962282 0 0.369553344962282 0.999998999000001 0.773501041530254 0.666666666666667 0.773108148233982 0.999999000999999 0.369553344962282 0
-0.24174207575679 0.111200619620535 0.0556458870987867 0.111200619620535 0.369553344962282 1 0 1 0.369553344962282 0.111200619620535 0.0556458870987867 0.111200619620535 0.369553344962282 1 0 1 0.369553344962282 0.111200619620535 0.0556458870987867 0.111200619620535 0.369553344962282 1 0 1 0.370144644762737 0.111200619620535 0.0556458870987867 0.110979140789503 0.368963018812204 1 0
0 0 0 0 0 0 0 0 0 0 0 0 0 0 0 0 0 0 0 0 0 0 0 0 0 0 0 0 0 0 0
-0.24174207575679 0.111200619620535 0.0556458870987867 0.111200619620535 0.369553344962282 1 0 1 0.369553344962282 0.111200619620535 0.0556458870987867 0.111200619620535 0.369553344962282 1 0 1 0.369553344962282 0.111200619620535 0.0556458870987867 0.111200619620535 0.369553344962282 1 0 1 0.370144644762737 0.111200619620535 0.0556458870987867 0.110979140789503 0.368963018812204 1 0
0.033297529538131 0.773501041530254 0.666666666666667 0.773501041530254 1 0.369553344962282 0 0.369553344962282 1 0.773501041530254 0.666666666666667 0.773501041530254 1 0.369553344962282 0 0.369553344962282 1 0.773501041530254 0.666666666666667 0.773501041530254 1 0.369553344962282 0 0.369553344962282 0.999998999000001 0.773501041530254 0.666666666666667 0.773108148233982 0.999999000999999 0.369553344962282 0
0.578000383510809 1 0.985482655333592 1 0.773501041530254 0.111200619620535 0 0.111200619620535 0.773501041530254 1 0.985482655333592 1 0.773501041530254 0.111200619620535 0 0.111200619620535 0.773501041530254 1 0.985482655333592 1 0.773501041530254 0.111200619620535 0 0.111200619620535 0.772705606199227 1 0.985482655333592 0.999999771426275 0.774294943424031 0.111200619620535 0
0.69562070213536 0.985482655333592 1 0.985482655333592 0.666666666666667 0.0556458870987867 0 0.0556458870987867 0.666666666666667 0.985482655333592 1 0.985482655333592 0.666666666666667 0.0556458870987867 0 0.0556458870987867 0.666666666666667 0.985482655333592 1 0.985482655333592 0.666666666666667 0.0556458870987867 0 0.0556458870987867 0.665777185679934 0.985482655333592 1 0.985596791238611 0.667554962470057 0.0556458870987867 0
0.578000383510809 1 0.985482655333592 1 0.773501041530254 0.111200619620535 0 0.111200619620535 0.773501041530254 1 0.985482655333592 1 0.773501041530254 0.111200619620535 0 0.111200619620535 0.773501041530254 1 0.985482655333592 1 0.773501041530254 0.111200619620535 0 0.111200619620535 0.772705606199227 1 0.985482655333592 0.999999771426275 0.774294943424031 0.111200619620535 0
0.033297529538131 0.773501041530254 0.666666666666667 0.773501041530254 1 0.369553344962282 0 0.369553344962282 1 0.773501041530254 0.666666666666667 0.773501041530254 1 0.369553344962282 0 0.369553344962282 1 0.773501041530254 0.666666666666667 0.773501041530254 1 0.369553344962282 0 0.369553344962282 0.999998999000001 0.773501041530254 0.666666666666667 0.773108148233982 0.999999000999999 0.369553344962282 0
-0.24174207575679 0.111200619620535 0.0556458870987867 0.111200619620535 0.369553344962282 1 0 1 0.369553344962282 0.111200619620535 0.0556458870987867 0.111200619620535 0.369553344962282 1 0 1 0.369553344962282 0.111200619620535 0.0556458870987867 0.111200619620535 0.369553344962282 1 0 1 0.370144644762737 0.111200619620535 0.0556458870987867 0.110979140789503 0.368963018812204 1 0
0 0 0 0 0 0 0 0 0 0 0 0 0 0 0 0 0 0 0 0 0 0 0 0 0 0 0 0 0 0 0
-0.24174207575679 0.111200619620535 0.0556458870987867 0.111200619620535 0.369553344962282 1 0 1 0.369553344962282 0.111200619620535 0.0556458870987867 0.111200619620535 0.369553344962282 1 0 1 0.369553344962282 0.111200619620535 0.0556458870987867 0.111200619620535 0.369553344962282 1 0 1 0.370144644762737 0.111200619620535 0.0556458870987867 0.110979140789503 0.368963018812204 1 0
0.0322975295436292 0.772705606199227 0.665777185679934 0.772705606199227 0.999998999000001 0.370144644762737 0 0.370144644762737 0.999998999000001 0.772705606199227 0.665777185679934 0.772705606199227 0.999998999000001 0.370144644762737 0 0.370144644762737 0.999998999000001 0.772705606199227 0.665777185679934 0.772705606199227 0.999998999000001 0.370144644762737 0 0.370144644762737 1 0.772705606199227 0.665777185679934 0.772312264909211 0.999996000008 0.370144644762737 0
0.578000383510809 1 0.985482655333592 1 0.773501041530254 0.111200619620535 0 0.111200619620535 0.773501041530254 1 0.985482655333592 1 0.773501041530254 0.111200619620535 0 0.111200619620535 0.773501041530254 1 0.985482655333592 1 0.773501041530254 0.111200619620535 0 0.111200619620535 0.772705606199227 1 0.985482655333592 0.999999771426275 0.774294943424031 0.111200619620535 0
0.69562070213536 0.985482655333592 1 0.985482655333592 0.666666666666667 0.0556458870987867 0 0.0556458870987867 0.666666666666667 0.985482655333592 1 0.985482655333592 0.666666666666667 0.0556458870987867 0 0.0556458870987867 0.666666666666667 0.985482655333592 1 0.985482655333592 0.666666666666667 0.0556458870987867 0 0.0556458870987867 0.665777185679934 0.985482655333592 1 0.985596791238611 0.667554962470057 0.0556458870987867 0
0.578489055948848 0.999999771426275 0.985596791238611 0.999999771426275 0.773108148233982 0.110979140789503 0 0.110979140789503 0.773108148233982 0.999999771426275 0.985596791238611 0.999999771426275 0.773108148233982 0.110979140789503 0 0.110979140789503 0.773108148233982 0.999999771426275 0.985596791238611 0.999999771426275 0.773108148233982 0.110979140789503 0 0.110979140789503 0.772312264909211 0.999999771426275 0.985596791238611 1 0.773902499451008 0.110979140789503 0
0.0342975252403463 0.774294943424031 0.667554962470057 0.774294943424031 0.999999000999999 0.368963018812204 0 0.368963018812204 0.999999000999999 0.774294943424031 0.667554962470057 0.774294943424031 0.999999000999999 0.368963018812204 0 0.368963018812204 0.999999000999999 0.774294943424031 0.667554962470057 0.774294943424031 0.999999000999999 0.368963018812204 0 0.368963018812204 0.999996000008 0.774294943424031 0.667554962470057 0.773902499451008 1 0.368963018812204 0
-0.24174207575679 0.111200619620535 0.0556458870987867 0.111200619620535 0.369553344962282 1 0 1 0.369553344962282 0.111200619620535 0.0556458870987867 0.111200619620535 0.369553344962282 1 0 1 0.369553344962282 0.111200619620535 0.0556458870987867 0.111200619620535 0.369553344962282 1 0 1 0.370144644762737 0.111200619620535 0.0556458870987867 0.110979140789503 0.368963018812204 1 0
0 0 0 0 0 0 0 0 0 0 0 0 0 0 0 0 0 0 0 0 0 0 0 0 0 0 0 0 0 0 0
