1 0.932016880256835 0.821204875102392 0.734326751454547 0.683266553454313 0.666666666666667 0.683266553454313 0.734326751454547 0.821204875102392 0.932016880256835 1
0.932016880256835 1 0.969283975904186 0.922116712204095 0.889098807321556 0.877708292834599 0.889098807321556 0.922116712204095 0.969283975904186 1 0.932016880256835
0.821204875102392 0.969283975904186 1 0.988609973175828 0.973446659887729 0.967439776323018 0.973446659887729 0.988609973175828 1 0.969283975904186 0.821204875102392
0.734326751454547 0.922116712204095 0.988609973175828 1 0.996781416166836 0.99445699066299 0.996781416166836 1 0.988609973175828 0.922116712204095 0.734326751454547
0.683266553454313 0.889098807321556 0.973446659887729 0.996781416166836 1 0.99968470965252 1 0.996781416166836 0.973446659887729 0.889098807321556 0.683266553454313
0.666666666666667 0.877708292834599 0.967439776323018 0.99445699066299 0.99968470965252 1 0.99968470965252 0.99445699066299 0.967439776323018 0.877708292834599 0.666666666666667
0.683266553454313 0.889098807321556 0.973446659887729 0.996781416166836 1 0.99968470965252 1 0.996781416166836 0.973446659887729 0.889098807321556 0.683266553454313
0.734326751454547 0.922116712204095 0.988609973175828 1 0.996781416166836 0.99445699066299 0.996781416166836 1 0.988609973175828 0.922116712204095 0.734326751454547
0.821204875102392 0.969283975904186 1 0.988609973175828 0.973446659887729 0.967439776323018 0.973446659887729 0.988609973175828 1 0.969283975904186 0.821204875102392
0.932016880256835 1 0.969283975904186 0.922116712204095 0.889098807321556 0.877708292834599 0.889098807321556 0.922116712204095 0.969283975904186 1 0.932016880256835
1 0.932016880256835 0.821204875102392 0.734326751454547 0.683266553454313 0.666666666666667 0.683266553454313 0.734326751454547 0.821204875102392 0.932016880256835 1
