1 0.990121189041464 0.965423763490359 0.932016880256835 0.89466880403701 0.857142857142857 0.821204875102392 0.788543302082954 0.759460909113487 0.734326751454547 0.713314749942277 0.696152900491599 0.683266553454313 0.674053768907924 0.668336111087847 0.666666666666667 0.668336111087847 0.674053768907924 0.683266553454313 0.696152900491599 0.713314749942277 0.734326751454547 0.759460909113487 0.788543302082954 0.821204875102392 0.857142857142857 0.89466880403701 0.932016880256835 0.965423763490359 0.990121189041464 1
0.990121189041464 1 0.992282129133693 0.972888438763754 0.946738476254627 0.917905073219177 0.888717462535917 0.861207998034613 0.836088590329613 0.813983191935735 0.795258143728597 0.779815782580679 0.768139879129507 0.759752606444919 0.754531264659873 0.753004478774003 0.754531264659873 0.759752606444919 0.768139879129507 0.779815782580679 0.795258143728597 0.813983191935735 0.836088590329613 0.861207998034613 0.888717462535917 0.917905073219177 0.946738476254627 0.972888438763754 0.992282129133693 1 0.990121189041464
0.965423763490359 0.992282129133693 1 0.993974973242498 0.978970795976378 0.959119955199951 0.937144157481683 0.915304113696709 0.894660551065828 0.876054541052397 0.860023697589876 0.846640184349672 0.836432469188465 0.829056141927279 0.824446586870411 0.823096222226233 0.824446586870411 0.829056141927279 0.836432469188465 0.846640184349672 0.860023697589876 0.876054541052397 0.894660551065828 0.915304113696709 0.937144157481683 0.959119955199951 0.978970795976378 0.993974973242498 1 0.992282129133693 0.965423763490359
0.932016880256835 0.972888438763754 0.993974973242498 1 0.995389326003945 0.984161707658015 0.969283975904186 0.953144467379711 0.937083921068581 0.922116712204095 0.908923513527577 0.89773119705401 0.889098807321556 0.882813660539067 0.878867093353525 0.877708292834599 0.878867093353525 0.882813660539067 0.889098807321556 0.89773119705401 0.908923513527577 0.922116712204095 0.937083921068581 0.953144467379711 0.969283975904186 0.984161707658015 0.995389326003945 1 0.993974973242498 0.972888438763754 0.932016880256835
0.89466880403701 0.946738476254627 0.978970795976378 0.995389326003946 1 0.996606419728672 0.988307095279253 0.977540343278466 0.965860530488488 0.954412613418996 0.943990440269721 0.934954551906962 0.927881815126027 0.922681703114983 0.919396313135443 0.918428827819038 0.919396313135443 0.922681703114983 0.927881815126027 0.934954551906962 0.943990440269721 0.954412613418996 0.965860530488488 0.977540343278466 0.988307095279253 0.996606419728672 1 0.995389326003946 0.978970795976378 0.946738476254627 0.89466880403701
0.857142857142857 0.917905073219177 0.959119955199951 0.984161707658015 0.996606419728672 1 0.99749389330665 0.991523622289986 0.983799269967103 0.975559002294007 0.967681908686844 0.960638823381085 0.955014227454711 0.950825024476218 0.948157052235697 0.947368421052632 0.948157052235697 0.950825024476218 0.955014227454711 0.960638823381085 0.967681908686844 0.975559002294007 0.983799269967103 0.991523622289986 0.99749389330665 1 0.996606419728672 0.984161707658015 0.959119955199951 0.917905073219177 0.857142857142857
0.821204875102392 0.888717462535917 0.937144157481683 0.969283975904186 0.988307095279253 0.99749389330665 1 0.998226524352064 0.993995481153006 0.988609973175828 0.98301219522498 0.977762786965453 0.973446659887729 0.97017341089541 0.968065903173283 0.967439776323018 0.968065903173283 0.97017341089541 0.973446659887729 0.977762786965453 0.98301219522498 0.988609973175828 0.993995481153006 0.998226524352064 1 0.99749389330665 0.988307095279253 0.969283975904186 0.937144157481683 0.888717462535917 0.821204875102392
0.788543302082954 0.861207998034613 0.915304113696708 0.953144467379711 0.977540343278466 0.991523622289986 0.998226524352064 1 0.998744193444513 0.995805590676214 0.992171621910375 0.988474016081521 0.985293517696952 0.982817059864173 0.981197850618602 0.980713410693749 0.981197850618602 0.982817059864173 0.985293517696952 0.988474016081521 0.992171621910375 0.995805590676214 0.998744193444513 1 0.998226524352064 0.991523622289986 0.977540343278466 0.953144467379711 0.915304113696708 0.861207998034613 0.788543302082954
0.759460909113487 0.836088590329613 0.894660551065827 0.937083921068581 0.965860530488488 0.983799269967104 0.993995481153006 0.998744193444513 1 0.999137890531493 0.997177588189354 0.994807043640354 0.992600260378236 0.99080828897455 0.989609086791544 0.98924659406556 0.989609086791544 0.99080828897455 0.992600260378236 0.994807043640354 0.997177588189354 0.999137890531493 1 0.998744193444513 0.993995481153006 0.983799269967104 0.965860530488488 0.937083921068581 0.894660551065827 0.836088590329613 0.759460909113487
0.734326751454547 0.813983191935735 0.876054541052397 0.922116712204095 0.954412613418996 0.975559002294007 0.988609973175828 0.995805590676214 0.999137890531493 1 0.999434343044916 0.998172750506485 0.996781416166836 0.995563576584241 0.994717036636305 0.99445699066299 0.994717036636305 0.995563576584241 0.996781416166836 0.998172750506485 0.999434343044916 1 0.999137890531493 0.995805590676214 0.988609973175828 0.975559002294007 0.954412613418996 0.922116712204095 0.876054541052397 0.813983191935735 0.734326751454547
0.713314749942277 0.795258143728597 0.860023697589876 0.908923513527577 0.943990440269721 0.967681908686844 0.98301219522498 0.992171621910375 0.997177588189354 0.999434343044916 1 0.999640043586367 0.99891288604191 0.998163271200102 0.99760458581129 0.99742819543423 0.99760458581129 0.998163271200102 0.99891288604191 0.999640043586367 1 0.999434343044916 0.997177588189354 0.992171621910375 0.98301219522498 0.967681908686844 0.943990440269721 0.908923513527577 0.860023697589876 0.795258143728597 0.713314749942277
0.696152900491599 0.779815782580679 0.846640184349672 0.89773119705401 0.934954551906962 0.960638823381085 0.977762786965453 0.988474016081521 0.994807043640354 0.998172750506485 0.999640043586367 1 0.999803907921406 0.999429062601337 0.999100935544384 0.998991572073145 0.999100935544384 0.999429062601337 0.999803907921406 1 0.999640043586367 0.998172750506485 0.994807043640354 0.988474016081521 0.977762786965453 0.960638823381085 0.934954551906962 0.89773119705401 0.846640184349672 0.779815782580679 0.696152900491599
0.683266553454313 0.768139879129507 0.836432469188465 0.889098807321556 0.927881815126027 0.955014227454711 0.973446659887729 0.985293517696952 0.992600260378236 0.996781416166836 0.99891288604191 0.999803907921406 1 0.9999021351788 0.999744496592875 0.99968470965252 0.999744496592875 0.9999021351788 1 0.999803907921406 0.99891288604191 0.996781416166836 0.992600260378236 0.985293517696952 0.973446659887729 0.955014227454711 0.927881815126027 0.889098807321556 0.836432469188465 0.768139879129507 0.683266553454313
0.674053768907924 0.759752606444919 0.829056141927279 0.882813660539067 0.922681703114983 0.950825024476218 0.97017341089541 0.982817059864173 0.99080828897455 0.995563576584241 0.998163271200102 0.999429062601337 0.9999021351788 1 0.99996288399383 0.999938150537503 0.99996288399383 1 0.9999021351788 0.999429062601337 0.998163271200102 0.995563576584241 0.99080828897455 0.982817059864173 0.97017341089541 0.950825024476218 0.922681703114983 0.882813660539067 0.829056141927279 0.759752606444919 0.674053768907924
0.668336111087847 0.754531264659873 0.824446586870411 0.878867093353525 0.919396313135443 0.948157052235697 0.968065903173283 0.981197850618602 0.989609086791544 0.994717036636305 0.99760458581129 0.999100935544384 0.999744496592875 0.99996288399383 1 0.999996859326074 1 0.99996288399383 0.999744496592875 0.999100935544384 0.99760458581129 0.994717036636305 0.989609086791544 0.981197850618602 0.968065903173283 0.948157052235697 0.919396313135443 0.878867093353525 0.824446586870411 0.754531264659873 0.668336111087847
0.666666666666667 0.753004478774003 0.823096222226233 0.877708292834599 0.918428827819038 0.947368421052632 0.967439776323018 0.980713410693749 0.98924659406556 0.99445699066299 0.99742819543423 0.998991572073145 0.99968470965252 0.999938150537503 0.999996859326074 1 0.999996859326074 0.999938150537503 0.99968470965252 0.998991572073145 0.99742819543423 0.99445699066299 0.98924659406556 0.980713410693749 0.967439776323018 0.947368421052632 0.918428827819038 0.877708292834599 0.823096222226233 0.753004478774003 0.666666666666667
0.668336111087847 0.754531264659873 0.824446586870411 0.878867093353525 0.919396313135443 0.948157052235697 0.968065903173283 0.981197850618602 0.989609086791544 0.994717036636305 0.99760458581129 0.999100935544384 0.999744496592875 0.99996288399383 1 0.999996859326074 1 0.99996288399383 0.999744496592875 0.999100935544384 0.99760458581129 0.994717036636305 0.989609086791544 0.981197850618602 0.968065903173283 0.948157052235697 0.919396313135443 0.878867093353525 0.824446586870411 0.754531264659873 0.668336111087847
0.674053768907924 0.759752606444919 0.829056141927279 0.882813660539067 0.922681703114983 0.950825024476218 0.97017341089541 0.982817059864173 0.99080828897455 0.995563576584241 0.998163271200102 0.999429062601337 0.9999021351788 1 0.99996288399383 0.999938150537503 0.99996288399383 1 0.9999021351788 0.999429062601337 0.998163271200102 0.995563576584241 0.99080828897455 0.982817059864173 0.97017341089541 0.950825024476218 0.922681703114983 0.882813660539067 0.829056141927279 0.759752606444919 0.674053768907924
0.683266553454313 0.768139879129507 0.836432469188465 0.889098807321556 0.927881815126027 0.955014227454711 0.973446659887729 0.985293517696952 0.992600260378236 0.996781416166836 0.99891288604191 0.999803907921406 1 0.9999021351788 0.999744496592875 0.99968470965252 0.999744496592875 0.9999021351788 1 0.999803907921406 0.99891288604191 0.996781416166836 0.992600260378236 0.985293517696952 0.973446659887729 0.955014227454711 0.927881815126027 0.889098807321556 0.836432469188465 0.768139879129507 0.683266553454313
0.696152900491599 0.779815782580679 0.846640184349672 0.89773119705401 0.934954551906962 0.960638823381085 0.977762786965453 0.988474016081521 0.994807043640354 0.998172750506485 0.999640043586367 1 0.999803907921406 0.999429062601337 0.999100935544384 0.998991572073145 0.999100935544384 0.999429062601337 0.999803907921406 1 0.999640043586367 0.998172750506485 0.994807043640354 0.988474016081521 0.977762786965453 0.960638823381085 0.934954551906962 0.89773119705401 0.846640184349672 0.779815782580679 0.696152900491599
0.713314749942277 0.795258143728597 0.860023697589876 0.908923513527577 0.943990440269721 0.967681908686844 0.98301219522498 0.992171621910375 0.997177588189354 0.999434343044916 1 0.999640043586367 0.99891288604191 0.998163271200102 0.99760458581129 0.99742819543423 0.99760458581129 0.998163271200102 0.99891288604191 0.999640043586367 1 0.999434343044916 0.997177588189354 0.992171621910375 0.98301219522498 0.967681908686844 0.943990440269721 0.908923513527577 0.860023697589876 0.795258143728597 0.713314749942277
0.734326751454547 0.813983191935735 0.876054541052397 0.922116712204095 0.954412613418996 0.975559002294007 0.988609973175828 0.995805590676214 0.999137890531493 1 0.999434343044916 0.998172750506485 0.996781416166836 0.995563576584241 0.994717036636305 0.99445699066299 0.994717036636305 0.995563576584241 0.996781416166836 0.998172750506485 0.999434343044916 1 0.999137890531493 0.995805590676214 0.988609973175828 0.975559002294007 0.954412613418996 0.922116712204095 0.876054541052397 0.813983191935735 0.734326751454547
0.759460909113487 0.836088590329613 0.894660551065827 0.937083921068581 0.965860530488488 0.983799269967104 0.993995481153006 0.998744193444513 1 0.999137890531493 0.997177588189354 0.994807043640354 0.992600260378236 0.99080828897455 0.989609086791544 0.98924659406556 0.989609086791544 0.99080828897455 0.992600260378236 0.994807043640354 0.997177588189354 0.999137890531493 1 0.998744193444513 0.993995481153006 0.983799269967104 0.965860530488488 0.937083921068581 0.894660551065827 0.836088590329613 0.759460909113487
0.788543302082954 0.861207998034613 0.915304113696708 0.953144467379711 0.977540343278466 0.991523622289986 0.998226524352064 1 0.998744193444513 0.995805590676214 0.992171621910375 0.988474016081521 0.985293517696952 0.982817059864173 0.981197850618602 0.980713410693749 0.981197850618602 0.982817059864173 0.985293517696952 0.988474016081521 0.992171621910375 0.995805590676214 0.998744193444513 1 0.998226524352064 0.991523622289986 0.977540343278466 0.953144467379711 0.915304113696708 0.861207998034613 0.788543302082954
0.821204875102392 0.888717462535917 0.937144157481683 0.969283975904186 0.988307095279253 0.99749389330665 1 0.998226524352064 0.993995481153006 0.988609973175828 0.98301219522498 0.977762786965453 0.973446659887729 0.97017341089541 0.968065903173283 0.967439776323018 0.968065903173283 0.97017341089541 0.973446659887729 0.977762786965453 0.98301219522498 0.988609973175828 0.993995481153006 0.998226524352064 1 0.99749389330665 0.988307095279253 0.969283975904186 0.937144157481683 0.888717462535917 0.821204875102392
0.857142857142857 0.917905073219177 0.959119955199951 0.984161707658015 0.996606419728672 1 0.99749389330665 0.991523622289986 0.983799269967103 0.975559002294007 0.967681908686844 0.960638823381085 0.955014227454711 0.950825024476218 0.948157052235697 0.947368421052632 0.948157052235697 0.950825024476218 0.955014227454711 0.960638823381085 0.967681908686844 0.975559002294007 0.983799269967103 0.991523622289986 0.99749389330665 1 0.996606419728672 0.984161707658015 0.959119955199951 0.917905073219177 0.857142857142857
0.89466880403701 0.946738476254627 0.978970795976378 0.995389326003946 1 0.996606419728672 0.988307095279253 0.977540343278466 0.965860530488488 0.954412613418996 0.943990440269721 0.934954551906962 0.927881815126027 0.922681703114983 0.919396313135443 0.918428827819038 0.919396313135443 0.922681703114983 0.927881815126027 0.934954551906962 0.943990440269721 0.954412613418996 0.965860530488488 0.977540343278466 0.988307095279253 0.996606419728672 1 0.995389326003946 0.978970795976378 0.946738476254627 0.89466880403701
0.932016880256835 0.972888438763754 0.993974973242498 1 0.995389326003945 0.984161707658015 0.969283975904186 0.953144467379711 0.937083921068581 0.922116712204095 0.908923513527577 0.89773119705401 0.889098807321556 0.882813660539067 0.878867093353525 0.877708292834599 0.878867093353525 0.882813660539067 0.889098807321556 0.89773119705401 0.908923513527577 0.922116712204095 0.937083921068581 0.953144467379711 0.969283975904186 0.984161707658015 0.995389326003945 1 0.993974973242498 0.972888438763754 0.932016880256835
0.965423763490359 0.992282129133693 1 0.993974973242498 0.978970795976378 0.959119955199951 0.937144157481683 0.915304113696709 0.894660551065828 0.876054541052397 0.860023697589876 0.846640184349672 0.836432469188465 0.829056141927279 0.824446586870411 0.823096222226233 0.824446586870411 0.829056141927279 0.836432469188465 0.846640184349672 0.860023697589876 0.876054541052397 0.894660551065828 0.915304113696709 0.937144157481683 0.959119955199951 0.978970795976378 0.993974973242498 1 0.992282129133693 0.965423763490359
0.990121189041464 1 0.992282129133693 0.972888438763754 0.946738476254627 0.917905073219177 0.888717462535917 0.861207998034613 0.836088590329613 0.813983191935735 0.795258143728597 0.779815782580679 0.768139879129507 0.759752606444919 0.754531264659873 0.753004478774003 0.754531264659873 0.759752606444919 0.768139879129507 0.779815782580679 0.795258143728597 0.813983191935735 0.836088590329613 0.861207998034613 0.888717462535917 0.917905073219177 0.946738476254627 0.972888438763754 0.992282129133693 1 0.990121189041464
1 0.990121189041464 0.965423763490359 0.932016880256835 0.89466880403701 0.857142857142857 0.821204875102392 0.788543302082954 0.759460909113487 0.734326751454547 0.713314749942277 0.696152900491599 0.683266553454313 0.674053768907924 0.668336111087847 0.666666666666667 0.668336111087847 0.674053768907924 0.683266553454313 0.696152900491599 0.713314749942277 0.734326751454547 0.759460909113487 0.788543302082954 0.821204875102392 0.857142857142857 0.89466880403701 0.932016880256835 0.965423763490359 0.990121189041464 1
