1 0.929473053756879 0.878668989542807 0.837524563058891 0.803377335307646 0.773501041530254 0.747171796895554 0.723921201748603 0.703243236017935 0.68395540287921 0.666666666666667
0.929473053756879 1 0.992165330754185 0.977974962716795 0.96269146133723 0.947303644931855 0.932444654267904 0.918445538611509 0.905378217286266 0.892713032835767 0.881000150576055
0.878668989542807 0.992165330754185 1 0.99635528573465 0.988825815468391 0.979627691817757 0.969828724197898 0.960023680566243 0.950488737947644 0.940962560741609 0.931943035905557
0.837524563058891 0.977974962716795 0.99635528573465 1 0.997929791960268 0.993151549255373 0.98700789260502 0.980262188974772 0.973325352785505 0.966124885375604 0.959113948774763
0.803377335307646 0.96269146133723 0.988825815468391 0.997929791960268 1 0.99860637002425 0.995284012761288 0.990915270683343 0.986008427774508 0.980634151090215 0.975207386230492
0.773501041530254 0.947303644931855 0.979627691817757 0.993151549255373 0.99860637002425 1 0.999015063868718 0.99662558304714 0.993416369618145 0.989575085804271 0.985482655333592
0.747171796895554 0.932444654267904 0.969828724197898 0.98700789260502 0.995284012761288 0.999015063868718 1 0.999285453694015 0.99751790834671 0.994982522998377 0.992029912427433
0.723921201748603 0.918445538611509 0.960023680566243 0.980262188974772 0.990915270683343 0.99662558304714 0.999285453694015 1 0.99946615131363 0.998051189267333 0.996078785579129
0.703243236017935 0.905378217286266 0.950488737947644 0.973325352785505 0.986008427774508 0.993416369618145 0.99751790834671 0.99946615131363 1 0.999556857198951 0.998436340580497
0.68395540287921 0.892713032835767 0.940962560741609 0.966124885375604 0.980634151090215 0.989575085804271 0.994982522998377 0.998051189267333 0.999556857198951 1 0.999657754286525
0.666666666666667 0.881000150576055 0.931943035905557 0.959113948774763 0.975207386230492 0.985482655333592 0.992029912427433 0.996078785579129 0.998436340580497 0.999657754286525 1
