1 0.821204875102392 0.683266553454313 0.683266553454313 0.821204875102392 1 0.543719250828776 0.0513949534351234 0.0513949534351234 0.543719250828776 1 0.821204875102392 0.683266553454313 0.683266553454313 0.821204875102392 1 0.543719250828776 0.0513949534351234 0.0513949534351234 0.543719250828776 1 0.821611860616939 0.683266553454313 0.683266553454313 0.821204875102392 1 0.545164862870577 0.0513949534351234 0.0513949534351234 0.543719250828776 0.999998999000001
0.821204875102392 1 0.973446659887729 0.973446659887729 1 0.821204875102392 0.236358118334221 0.0142750778063486 0.0142750778063486 0.236358118334221 0.821204875102392 1 0.973446659887729 0.973446659887729 1 0.821204875102392 0.236358118334221 0.0142750778063486 0.0142750778063486 0.236358118334221 0.821204875102392 0.999999705015094 0.973446659887729 0.973446659887729 1 0.821204875102392 0.237266111112698 0.0142750778063486 0.0142750778063486 0.236358118334221 0.820471452113675
0.683266553454313 0.973446659887729 1 1 0.973446659887729 0.683266553454313 0.13013197510717 0.00251993824090428 0.00251993824090428 0.13013197510717 0.683266553454313 0.973446659887729 1 1 0.973446659887729 0.683266553454313 0.13013197510717 0.00251993824090428 0.00251993824090428 0.13013197510717 0.683266553454313 0.973271830754913 1 1 0.973446659887729 0.683266553454313 0.130798943015797 0.00251993824090428 0.00251993824090428 0.13013197510717 0.682388584794648
0.683266553454313 0.973446659887729 1 1 0.973446659887729 0.683266553454313 0.13013197510717 0.00251993824090428 0.00251993824090428 0.13013197510717 0.683266553454313 0.973446659887729 1 1 0.973446659887729 0.683266553454313 0.13013197510717 0.00251993824090428 0.00251993824090428 0.13013197510717 0.683266553454313 0.973271830754913 1 1 0.973446659887729 0.683266553454313 0.130798943015797 0.00251993824090428 0.00251993824090428 0.13013197510717 0.682388584794648
0.821204875102392 1 0.973446659887729 0.973446659887729 1 0.821204875102392 0.236358118334221 0.0142750778063486 0.0142750778063486 0.236358118334221 0.821204875102392 1 0.973446659887729 0.973446659887729 1 0.821204875102392 0.236358118334221 0.0142750778063486 0.0142750778063486 0.236358118334221 0.821204875102392 0.999999705015094 0.973446659887729 0.973446659887729 1 0.821204875102392 0.237266111112698 0.0142750778063486 0.0142750778063486 0.236358118334221 0.820471452113675
1 0.821204875102392 0.683266553454313 0.683266553454313 0.821204875102392 1 0.543719250828776 0.0513949534351234 0.0513949534351234 0.543719250828776 1 0.821204875102392 0.683266553454313 0.683266553454313 0.821204875102392 1 0.543719250828776 0.0513949534351234 0.0513949534351234 0.543719250828776 1 0.821611860616939 0.683266553454313 0.683266553454313 0.821204875102392 1 0.545164862870577 0.0513949534351234 0.0513949534351234 0.543719250828776 0.999998999000001
0.543719250828776 0.236358118334221 0.13013197510717 0.13013197510717 0.236358118334221 0.543719250828776 1 0.192818868861733 0.192818868861733 1 0.543719250828776 0.236358118334221 0.13013197510717 0.13013197510717 0.236358118334221 0.543719250828776 1 0.192818868861733 0.192818868861733 1 0.543719250828776 0.236713839722199 0.13013197510717 0.13013197510717 0.236358118334221 0.543719250828776 0.999995631038861 0.192818868861733 0.192818868861733 1 0.544461330938993
0.0513949534351234 0.0142750778063486 0.00251993824090428 0.00251993824090428 0.0142750778063486 0.0513949534351234 0.192818868861733 1 1 0.192818868861733 0.0513949534351234 0.0142750778063486 0.00251993824090428 0.00251993824090428 0.0142750778063486 0.0513949534351234 0.192818868861733 1 1 0.192818868861733 0.0513949534351234 0.0143148853009316 0.00251993824090428 0.00251993824090428 0.0142750778063486 0.0513949534351234 0.192245528636215 1 1 0.192818868861733 0.0514951954183803
0.0513949534351234 0.0142750778063486 0.00251993824090428 0.00251993824090428 0.0142750778063486 0.0513949534351234 0.192818868861733 1 1 0.192818868861733 0.0513949534351234 0.0142750778063486 0.00251993824090428 0.00251993824090428 0.0142750778063486 0.0513949534351234 0.192818868861733 1 1 0.192818868861733 0.0513949534351234 0.0143148853009316 0.00251993824090428 0.00251993824090428 0.0142750778063486 0.0513949534351234 0.192245528636215 1 1 0.192818868861733 0.0514951954183803
0.543719250828776 0.236358118334221 0.13013197510717 0.13013197510717 0.236358118334221 0.543719250828776 1 0.192818868861733 0.192818868861733 1 0.543719250828776 0.236358118334221 0.13013197510717 0.13013197510717 0.236358118334221 0.543719250828776 1 0.192818868861733 0.192818868861733 1 0.543719250828776 0.236713839722199 0.13013197510717 0.13013197510717 0.236358118334221 0.543719250828776 0.999995631038861 0.192818868861733 0.192818868861733 1 0.544461330938993
1 0.821204875102392 0.683266553454313 0.683266553454313 0.821204875102392 1 0.543719250828776 0.0513949534351234 0.0513949534351234 0.543719250828776 1 0.821204875102392 0.683266553454313 0.683266553454313 0.821204875102392 1 0.543719250828776 0.0513949534351234 0.0513949534351234 0.543719250828776 1 0.821611860616939 0.683266553454313 0.683266553454313 0.821204875102392 1 0.545164862870577 0.0513949534351234 0.0513949534351234 0.543719250828776 0.999998999000001
0.821204875102392 1 0.973446659887729 0.973446659887729 1 0.821204875102392 0.236358118334221 0.0142750778063486 0.0142750778063486 0.236358118334221 0.821204875102392 1 0.973446659887729 0.973446659887729 1 0.821204875102392 0.236358118334221 0.0142750778063486 0.0142750778063486 0.236358118334221 0.821204875102392 0.999999705015094 0.973446659887729 0.973446659887729 1 0.821204875102392 0.237266111112698 0.0142750778063486 0.0142750778063486 0.236358118334221 0.820471452113675
0.683266553454313 0.973446659887729 1 1 0.973446659887729 0.683266553454313 0.13013197510717 0.00251993824090428 0.00251993824090428 0.13013197510717 0.683266553454313 0.973446659887729 1 1 0.973446659887729 0.683266553454313 0.13013197510717 0.00251993824090428 0.00251993824090428 0.13013197510717 0.683266553454313 0.973271830754913 1 1 0.973446659887729 0.683266553454313 0.130798943015797 0.00251993824090428 0.00251993824090428 0.13013197510717 0.682388584794648
0.683266553454313 0.973446659887729 1 1 0.973446659887729 0.683266553454313 0.13013197510717 0.00251993824090428 0.00251993824090428 0.13013197510717 0.683266553454313 0.973446659887729 1 1 0.973446659887729 0.683266553454313 0.13013197510717 0.00251993824090428 0.00251993824090428 0.13013197510717 0.683266553454313 0.973271830754913 1 1 0.973446659887729 0.683266553454313 0.130798943015797 0.00251993824090428 0.00251993824090428 0.13013197510717 0.682388584794648
0.821204875102392 1 0.973446659887729 0.973446659887729 1 0.821204875102392 0.236358118334221 0.0142750778063486 0.0142750778063486 0.236358118334221 0.821204875102392 1 0.973446659887729 0.973446659887729 1 0.821204875102392 0.236358118334221 0.0142750778063486 0.0142750778063486 0.236358118334221 0.821204875102392 0.999999705015094 0.973446659887729 0.973446659887729 1 0.821204875102392 0.237266111112698 0.0142750778063486 0.0142750778063486 0.236358118334221 0.820471452113675
1 0.821204875102392 0.683266553454313 0.683266553454313 0.821204875102392 1 0.543719250828776 0.0513949534351234 0.0513949534351234 0.543719250828776 1 0.821204875102392 0.683266553454313 0.683266553454313 0.821204875102392 1 0.543719250828776 0.0513949534351234 0.0513949534351234 0.543719250828776 1 0.821611860616939 0.683266553454313 0.683266553454313 0.821204875102392 1 0.545164862870577 0.0513949534351234 0.0513949534351234 0.543719250828776 0.999998999000001
0.543719250828776 0.236358118334221 0.13013197510717 0.13013197510717 0.236358118334221 0.543719250828776 1 0.192818868861733 0.192818868861733 1 0.543719250828776 0.236358118334221 0.13013197510717 0.13013197510717 0.236358118334221 0.543719250828776 1 0.192818868861733 0.192818868861733 1 0.543719250828776 0.236713839722199 0.13013197510717 0.13013197510717 0.236358118334221 0.543719250828776 0.999995631038861 0.192818868861733 0.192818868861733 1 0.544461330938993
0.0513949534351234 0.0142750778063486 0.00251993824090428 0.00251993824090428 0.0142750778063486 0.0513949534351234 0.192818868861733 1 1 0.192818868861733 0.0513949534351234 0.0142750778063486 0.00251993824090428 0.00251993824090428 0.0142750778063486 0.0513949534351234 0.192818868861733 1 1 0.192818868861733 0.0513949534351234 0.0143148853009316 0.00251993824090428 0.00251993824090428 0.0142750778063486 0.0513949534351234 0.192245528636215 1 1 0.192818868861733 0.0514951954183803
0.0513949534351234 0.0142750778063486 0.00251993824090428 0.00251993824090428 0.0142750778063486 0.0513949534351234 0.192818868861733 1 1 0.192818868861733 0.0513949534351234 0.0142750778063486 0.00251993824090428 0.00251993824090428 0.0142750778063486 0.0513949534351234 0.192818868861733 1 1 0.192818868861733 0.0513949534351234 0.0143148853009316 0.00251993824090428 0.00251993824090428 0.0142750778063486 0.0513949534351234 0.192245528636215 1 1 0.192818868861733 0.0514951954183803
0.543719250828776 0.236358118334221 0.13013197510717 0.13013197510717 0.236358118334221 0.543719250828776 1 0.192818868861733 0.192818868861733 1 0.543719250828776 0.236358118334221 0.13013197510717 0.13013197510717 0.236358118334221 0.543719250828776 1 0.192818868861733 0.192818868861733 1 0.543719250828776 0.236713839722199 0.13013197510717 0.13013197510717 0.236358118334221 0.543719250828776 0.999995631038861 0.192818868861733 0.192818868861733 1 0.544461330938993
1 0.821204875102392 0.683266553454313 0.683266553454313 0.821204875102392 1 0.543719250828776 0.0513949534351234 0.0513949534351234 0.543719250828776 1 0.821204875102392 0.683266553454313 0.683266553454313 0.821204875102392 1 0.543719250828776 0.0513949534351234 0.0513949534351234 0.543719250828776 1 0.821611860616939 0.683266553454313 0.683266553454313 0.821204875102392 1 0.545164862870577 0.0513949534351234 0.0513949534351234 0.543719250828776 0.999998999000001
0.821611860616939 0.999999705015094 0.973271830754913 0.973271830754913 0.999999705015094 0.821611860616939 0.236713839722199 0.0143148853009316 0.0143148853009316 0.236713839722199 0.821611860616939 0.999999705015094 0.973271830754913 0.973271830754913 0.999999705015094 0.821611860616939 0.236713839722199 0.0143148853009316 0.0143148853009316 0.236713839722199 0.821611860616939 1 0.973271830754913 0.973271830754913 0.999999705015094 0.821611860616939 0.237622613784874 0.0143148853009316 0.0143148853009316 0.236713839722199 0.820879039523718
0.683266553454313 0.973446659887729 1 1 0.973446659887729 0.683266553454313 0.13013197510717 0.00251993824090428 0.00251993824090428 0.13013197510717 0.683266553454313 0.973446659887729 1 1 0.973446659887729 0.683266553454313 0.13013197510717 0.00251993824090428 0.00251993824090428 0.13013197510717 0.683266553454313 0.973271830754913 1 1 0.973446659887729 0.683266553454313 0.130798943015797 0.00251993824090428 0.00251993824090428 0.13013197510717 0.682388584794648
0.683266553454313 0.973446659887729 1 1 0.973446659887729 0.683266553454313 0.13013197510717 0.00251993824090428 0.00251993824090428 0.13013197510717 0.683266553454313 0.973446659887729 1 1 0.973446659887729 0.683266553454313 0.13013197510717 0.00251993824090428 0.00251993824090428 0.13013197510717 0.683266553454313 0.973271830754913 1 1 0.973446659887729 0.683266553454313 0.130798943015797 0.00251993824090428 0.00251993824090428 0.13013197510717 0.682388584794648
0.821204875102392 1 0.973446659887729 0.973446659887729 1 0.821204875102392 0.236358118334221 0.0142750778063486 0.0142750778063486 0.236358118334221 0.821204875102392 1 0.973446659887729 0.973446659887729 1 0.821204875102392 0.236358118334221 0.0142750778063486 0.0142750778063486 0.236358118334221 0.821204875102392 0.999999705015094 0.973446659887729 0.973446659887729 1 0.821204875102392 0.237266111112698 0.0142750778063486 0.0142750778063486 0.236358118334221 0.820471452113675
1 0.821204875102392 0.683266553454313 0.683266553454313 0.821204875102392 1 0.543719250828776 0.0513949534351234 0.0513949534351234 0.543719250828776 1 0.821204875102392 0.683266553454313 0.683266553454313 0.821204875102392 1 0.543719250828776 0.0513949534351234 0.0513949534351234 0.543719250828776 1 0.821611860616939 0.683266553454313 0.683266553454313 0.821204875102392 1 0.545164862870577 0.0513949534351234 0.0513949534351234 0.543719250828776 0.999998999000001
0.545164862870577 0.237266111112698 0.130798943015797 0.130798943015797 0.237266111112698 0.545164862870577 0.999995631038861 0.192245528636215 0.192245528636215 0.999995631038861 0.545164862870577 0.237266111112698 0.130798943015797 0.130798943015797 0.237266111112698 0.545164862870577 0.999995631038861 0.192245528636215 0.192245528636215 0.999995631038861 0.545164862870577 0.237622613784874 0.130798943015797 0.130798943015797 0.237266111112698 0.545164862870577 1 0.192245528636215 0.192245528636215 0.999995631038861 0.545907746540675
0.0513949534351234 0.0142750778063486 0.00251993824090428 0.00251993824090428 0.0142750778063486 0.0513949534351234 0.192818868861733 1 1 0.192818868861733 0.0513949534351234 0.0142750778063486 0.00251993824090428 0.00251993824090428 0.0142750778063486 0.0513949534351234 0.192818868861733 1 1 0.192818868861733 0.0513949534351234 0.0143148853009316 0.00251993824090428 0.00251993824090428 0.0142750778063486 0.0513949534351234 0.192245528636215 1 1 0.192818868861733 0.0514951954183803
0.0513949534351234 0.0142750778063486 0.00251993824090428 0.00251993824090428 0.0142750778063486 0.0513949534351234 0.192818868861733 1 1 0.192818868861733 0.0513949534351234 0.0142750778063486 0.00251993824090428 0.00251993824090428 0.0142750778063486 0.0513949534351234 0.192818868861733 1 1 0.192818868861733 0.0513949534351234 0.0143148853009316 0.00251993824090428 0.00251993824090428 0.0142750778063486 0.0513949534351234 0.192245528636215 1 1 0.192818868861733 0.0514951954183803
0.543719250828776 0.236358118334221 0.13013197510717 0.13013197510717 0.236358118334221 0.543719250828776 1 0.192818868861733 0.192818868861733 1 0.543719250828776 0.236358118334221 0.13013197510717 0.13013197510717 0.236358118334221 0.543719250828776 1 0.192818868861733 0.192818868861733 1 0.543719250828776 0.236713839722199 0.13013197510717 0.13013197510717 0.236358118334221 0.543719250828776 0.999995631038861 0.192818868861733 0.192818868861733 1 0.544461330938993
0.999998999000001 0.820471452113675 0.682388584794648 0.682388584794648 0.820471452113675 0.999998999000001 0.544461330938993 0.0514951954183803 0.0514951954183803 0.544461330938993 0.999998999000001 0.820471452113675 0.682388584794648 0.682388584794648 0.820471452113675 0.999998999000001 0.544461330938993 0.0514951954183803 0.0514951954183803 0.544461330938993 0.999998999000001 0.820879039523718 0.682388584794648 0.682388584794648 0.820471452113675 0.999998999000001 0.545907746540675 0.0514951954183803 0.0514951954183803 0.544461330938993 1
