1 0.932016880256835 0.821204875102392 0.734326751454547 0.683266553454313 0.666666666666667 0.683266553454313 0.734326751454547 0.821204875102392 0.932016880256835 1 0.878597194337816 0.543719250828776 0.225906909794543 0.0513949534351234 0 0.0513949534351234 0.225906909794543 0.543719250828776 0.878597194337816 1
0.932016880256835 1 0.969283975904186 0.922116712204095 0.889098807321556 0.877708292834599 0.889098807321556 0.922116712204095 0.969283975904186 1 0.932016880256835 0.681750850984361 0.354209616155882 0.130453172970272 0.0277376418765553 0 0.0277376418765553 0.130453172970272 0.354209616155882 0.681750850984361 0.932016880256835
0.821204875102392 0.969283975904186 1 0.988609973175828 0.973446659887729 0.967439776323018 0.973446659887729 0.988609973175828 1 0.969283975904186 0.821204875102392 0.527408062497856 0.236358118334221 0.0753454527993162 0.0142750778063486 0 0.0142750778063486 0.0753454527993162 0.236358118334221 0.527408062497856 0.821204875102392
0.734326751454547 0.922116712204095 0.988609973175828 1 0.996781416166836 0.99445699066299 0.996781416166836 1 0.988609973175828 0.922116712204095 0.734326751454547 0.428596245423361 0.166826456735667 0.0436134356927313 0.00655675392943414 0 0.00655675392943414 0.0436134356927313 0.166826456735667 0.428596245423361 0.734326751454547
0.683266553454313 0.889098807321556 0.973446659887729 0.996781416166836 1 0.99968470965252 1 0.996781416166836 0.973446659887729 0.889098807321556 0.683266553454313 0.374856677417725 0.13013197510717 0.0269970294049726 0.00251993824090428 0 0.00251993824090428 0.0269970294049726 0.13013197510717 0.374856677417725 0.683266553454313
0.666666666666667 0.877708292834599 0.967439776323018 0.99445699066299 0.99968470965252 1 0.99968470965252 0.99445699066299 0.967439776323018 0.877708292834599 0.666666666666667 0.357872362272681 0.118650986707824 0.0218093687442889 0.00125996962114062 0 0.00125996962114062 0.0218093687442889 0.118650986707824 0.357872362272681 0.666666666666667
0.683266553454313 0.889098807321556 0.973446659887729 0.996781416166836 1 0.99968470965252 1 0.996781416166836 0.973446659887729 0.889098807321556 0.683266553454313 0.374856677417725 0.13013197510717 0.0269970294049726 0.00251993824090428 0 0.00251993824090428 0.0269970294049726 0.13013197510717 0.374856677417725 0.683266553454313
0.734326751454547 0.922116712204095 0.988609973175828 1 0.996781416166836 0.99445699066299 0.996781416166836 1 0.988609973175828 0.922116712204095 0.734326751454547 0.428596245423361 0.166826456735667 0.0436134356927313 0.00655675392943414 0 0.00655675392943414 0.0436134356927313 0.166826456735667 0.428596245423361 0.734326751454547
0.821204875102392 0.969283975904186 1 0.988609973175828 0.973446659887729 0.967439776323018 0.973446659887729 0.988609973175828 1 0.969283975904186 0.821204875102392 0.527408062497856 0.236358118334221 0.0753454527993162 0.0142750778063486 0 0.0142750778063486 0.0753454527993162 0.236358118334221 0.527408062497856 0.821204875102392
0.932016880256835 1 0.969283975904186 0.922116712204095 0.889098807321556 0.877708292834599 0.889098807321556 0.922116712204095 0.969283975904186 1 0.932016880256835 0.681750850984361 0.354209616155882 0.130453172970272 0.0277376418765553 0 0.0277376418765553 0.130453172970272 0.354209616155882 0.681750850984361 0.932016880256835
1 0.932016880256835 0.821204875102392 0.734326751454547 0.683266553454313 0.666666666666667 0.683266553454313 0.734326751454547 0.821204875102392 0.932016880256835 1 0.878597194337816 0.543719250828776 0.225906909794543 0.0513949534351234 0 0.0513949534351234 0.225906909794543 0.543719250828776 0.878597194337816 1
0.878597194337816 0.681750850984361 0.527408062497856 0.428596245423361 0.374856677417725 0.357872362272681 0.374856677417725 0.428596245423361 0.527408062497856 0.681750850984361 0.878597194337816 1 0.812095931872569 0.397552243721203 0.0960776050295241 0 0.0960776050295241 0.397552243721203 0.812095931872569 1 0.878597194337816
0.543719250828776 0.354209616155882 0.236358118334221 0.166826456735667 0.13013197510717 0.118650986707824 0.13013197510717 0.166826456735667 0.236358118334221 0.354209616155882 0.543719250828776 0.812095931872569 1 0.703933209570987 0.192818868861733 0 0.192818868861733 0.703933209570987 1 0.812095931872569 0.543719250828776
0.225906909794543 0.130453172970272 0.0753454527993162 0.0436134356927313 0.0269970294049726 0.0218093687442889 0.0269970294049726 0.0436134356927313 0.0753454527993162 0.130453172970272 0.225906909794543 0.397552243721203 0.703933209570987 1 0.450922761946176 0 0.450922761946176 1 0.703933209570987 0.397552243721203 0.225906909794543
0.0513949534351234 0.0277376418765553 0.0142750778063486 0.00655675392943414 0.00251993824090428 0.00125996962114062 0.00251993824090428 0.00655675392943414 0.0142750778063486 0.0277376418765553 0.0513949534351234 0.0960776050295242 0.192818868861733 0.450922761946176 1 0 1 0.450922761946176 0.192818868861733 0.0960776050295242 0.0513949534351234
0 0 0 0 0 0 0 0 0 0 0 0 0 0 0 0 0 0 0 0 0
0.0513949534351234 0.0277376418765553 0.0142750778063486 0.00655675392943414 0.00251993824090428 0.00125996962114062 0.00251993824090428 0.00655675392943414 0.0142750778063486 0.0277376418765553 0.0513949534351234 0.0960776050295242 0.192818868861733 0.450922761946176 1 0 1 0.450922761946176 0.192818868861733 0.0960776050295242 0.0513949534351234
0.225906909794543 0.130453172970272 0.0753454527993162 0.0436134356927313 0.0269970294049726 0.0218093687442889 0.0269970294049726 0.0436134356927313 0.0753454527993162 0.130453172970272 0.225906909794543 0.397552243721203 0.703933209570987 1 0.450922761946176 0 0.450922761946176 1 0.703933209570987 0.397552243721203 0.225906909794543
0.543719250828776 0.354209616155882 0.236358118334221 0.166826456735667 0.13013197510717 0.118650986707824 0.13013197510717 0.166826456735667 0.236358118334221 0.354209616155882 0.543719250828776 0.812095931872569 1 0.703933209570987 0.192818868861733 0 0.192818868861733 0.703933209570987 1 0.812095931872569 0.543719250828776
0.878597194337816 0.681750850984361 0.527408062497856 0.428596245423361 0.374856677417725 0.357872362272681 0.374856677417725 0.428596245423361 0.527408062497856 0.681750850984361 0.878597194337816 1 0.812095931872569 0.397552243721203 0.0960776050295241 0 0.0960776050295241 0.397552243721203 0.812095931872569 1 0.878597194337816
1 0.932016880256835 0.821204875102392 0.734326751454547 0.683266553454313 0.666666666666667 0.683266553454313 0.734326751454547 0.821204875102392 0.932016880256835 1 0.878597194337816 0.543719250828776 0.225906909794543 0.0513949534351234 0 0.0513949534351234 0.225906909794543 0.543719250828776 0.878597194337816 1
