1 0.929473053756879 0.878668989542807 0.837524563058891 0.803377335307646 0.773501041530254 0.747171796895554 0.723921201748603 0.703243236017935 0.68395540287921 0.666666666666667 0.650599907728486 0.636000030357997 0.622165368066054 0.609352882869982 0.597215232343566 0.585994347030251 0.575364797263821 0.565295764095464 0.556012274356751 0.546971085304831
0.929473053756879 1 0.992165330754185 0.977974962716795 0.96269146133723 0.947303644931855 0.932444654267904 0.918445538611509 0.905378217286266 0.892713032835767 0.881000150576055 0.869830618692658 0.859457439646113 0.849442261347773 0.840013767763465 0.830952003052157 0.822466883851611 0.814337018021922 0.806556267112178 0.799316152524758 0.792205641799698
0.878668989542807 0.992165330754185 1 0.99635528573465 0.988825815468391 0.979627691817757 0.969828724197898 0.960023680566243 0.950488737947644 0.940962560741609 0.931943035905557 0.923179761650976 0.914915914945192 0.906834315855789 0.899141929762194 0.891677927992079 0.88463045767102 0.877828445193692 0.871275717817393 0.865142686877044 0.859087655369653
0.837524563058891 0.977974962716795 0.99635528573465 1 0.997929791960268 0.993151549255373 0.98700789260502 0.980262188974772 0.973325352785505 0.966124885375604 0.959113948774763 0.952155641531425 0.945482385674775 0.938865873603356 0.932494813628602 0.92625186406411 0.920307285664063 0.914527548726941 0.908923393245282 0.90364816394245 0.898413332854802
0.803377335307646 0.96269146133723 0.988825815468391 0.997929791960268 1 0.99860637002425 0.995284012761288 0.990915270683343 0.986008427774508 0.980634151090215 0.975207386230492 0.969678284083264 0.96426898343698 0.958820489991979 0.953506012842133 0.948242187229775 0.943184270837113 0.938228355760457 0.933390349931772 0.928809407219114 0.924239737719381
0.773501041530254 0.947303644931855 0.979627691817757 0.993151549255373 0.99860637002425 1 0.999015063868718 0.99662558304714 0.993416369618145 0.989575085804271 0.985482655333592 0.981160998933818 0.976822449946372 0.972365902658735 0.967950803735343 0.963522201940264 0.959222134094991 0.954971650168593 0.950790824675247 0.9468063763561 0.942809042495366
0.747171796895554 0.932444654267904 0.969828724197898 0.98700789260502 0.995284012761288 0.999015063868718 1 0.999285453694015 0.99751790834671 0.994982522998377 0.992029912427433 0.988742237524833 0.98532266446736 0.981719197473798 0.978079032561287 0.974371347799646 0.970726474084406 0.967086786775723 0.963475787323958 0.960009227796255 0.956509424971375
0.723921201748603 0.918445538611509 0.960023680566243 0.980262188974772 0.990915270683343 0.99662558304714 0.999285453694015 1 0.99946615131363 0.998051189267333 0.996078785579129 0.99368214724166 0.991055991627107 0.988190313858034 0.985221418306369 0.982139131578445 0.979063417885857 0.975954996167446 0.972840218308547 0.969825152641287 0.966759549688793
0.703243236017935 0.905378217286266 0.950488737947644 0.973325352785505 0.986008427774508 0.993416369618145 0.99751790834671 0.99946615131363 1 0.999556857198951 0.998436340580497 0.996815465674084 0.994881191282052 0.992659828972499 0.990277953094513 0.987743260623908 0.985166482156297 0.982524282335881 0.979845417921359 0.977227350958139 0.974543882170145
0.68395540287921 0.892713032835767 0.940962560741609 0.966124885375604 0.980634151090215 0.989575085804271 0.994982522998377 0.998051189267333 0.999556857198951 1 0.999657754286525 0.99874671564914 0.997446421675793 0.99581622040812 0.993973583903626 0.991942475030645 0.989825006771712 0.987612414497737 0.985335593053605 0.983083986365263 0.980753536805974
0.666666666666667 0.881000150576055 0.931943035905557 0.959113948774763 0.975207386230492 0.985482655333592 0.992029912427433 0.996078785579129 0.998436340580497 0.999657754286525 1 0.999714139543954 0.998972923299278 0.997864644615854 0.9964986025881 0.994913018903473 0.993202283490672 0.991370449166926 0.989450244486913 0.987523937687097 0.985507079711569
0.650599907728486 0.869830618692658 0.923179761650976 0.952155641531425 0.969678284083264 0.981160998933818 0.988742237524833 0.99368214724166 0.996815465674084 0.99874671564914 0.999714139543954 1 0.999770636996631 0.999140691610373 0.998211861444267 0.997035353174306 0.995698384816609 0.99421671805423 0.992624717795621 0.99099799625085 0.989270125096713
0.636000030357997 0.859457439646113 0.914915914945192 0.945482385674774 0.964268983436981 0.976822449946372 0.98532266446736 0.991055991627107 0.994881191282052 0.997446421675793 0.998972923299278 0.999770636996632 1 0.999799143575782 0.999262856930363 0.998453927999967 0.997453065186748 0.996286502812253 0.99499003780078 0.993633246651601 0.992165907305889
0.622165368066054 0.849442261347773 0.906834315855789 0.938865873603356 0.958820489991979 0.972365902658735 0.981719197473798 0.988190313858034 0.992659828972499 0.99581622040812 0.997864644615854 0.999140691610373 0.999799143575782 1 0.999831506378354 0.999367236038189 0.998681738067503 0.997811024992201 0.996792203674302 0.995689144159922 0.994466831860694
0.609352882869982 0.840013767763465 0.899141929762194 0.932494813628602 0.953506012842133 0.967950803735343 0.978079032561287 0.985221418306369 0.990277953094513 0.993973583903626 0.9964986025881 0.998211861444267 0.999262856930364 0.999831506378354 1 0.999851737739352 0.999455574377092 0.998856452783034 0.998092653098237 0.997222773221312 0.996225751995661
0.597215232343566 0.830952003052157 0.891677927992079 0.92625186406411 0.948242187229775 0.963522201940264 0.974371347799646 0.982139131578445 0.987743260623908 0.991942475030645 0.994913018903473 0.997035353174306 0.998453927999967 0.999367236038189 0.999851737739352 1 0.999875493685925 0.999531511055818 0.99900740910137 0.998356803749339 0.997571735873931
0.585994347030251 0.822466883851611 0.88463045767102 0.920307285664063 0.943184270837113 0.959222134094991 0.970726474084406 0.979063417885857 0.985166482156298 0.989825006771712 0.993202283490672 0.995698384816609 0.997453065186748 0.998681738067503 0.999455574377092 0.999875493685925 1 0.999890009037316 0.999585843895011 0.999136526638313 0.998546109045925
0.575364797263821 0.814337018021922 0.877828445193692 0.914527548726941 0.938228355760457 0.954971650168593 0.967086786775723 0.975954996167446 0.982524282335881 0.987612414497737 0.991370449166926 0.99421671805423 0.996286502812253 0.997811024992201 0.998856452783034 0.999531511055818 0.999890009037316 1 0.999902696619847 0.999642780510082 0.999235590770255
0.565295764095464 0.806556267112178 0.871275717817393 0.908923393245282 0.933390349931771 0.950790824675247 0.963475787323958 0.972840218308547 0.979845417921359 0.985335593053605 0.989450244486913 0.992624717795621 0.99499003780078 0.996792203674302 0.998092653098236 0.99900740910137 0.999585843895011 0.999902696619847 1 0.999918334942455 0.99968365076287
0.556012274356751 0.799316152524758 0.865142686877044 0.90364816394245 0.928809407219114 0.9468063763561 0.960009227796255 0.969825152641287 0.977227350958139 0.983083986365263 0.987523937687097 0.99099799625085 0.993633246651601 0.995689144159923 0.997222773221312 0.998356803749339 0.999136526638313 0.999642780510082 0.999918334942455 1 0.999923436341185
0.546971085304831 0.792205641799698 0.859087655369653 0.898413332854802 0.924239737719381 0.942809042495366 0.956509424971375 0.966759549688793 0.974543882170145 0.980753536805974 0.985507079711569 0.989270125096713 0.992165907305889 0.994466831860694 0.996225751995661 0.997571735873931 0.998546109045925 0.999235590770255 0.99968365076287 0.999923436341185 1
